57
145
0 1
0 2
1 8
1 11
1 3
1 6
1 7
1 10
2 11
2 3
2 4
2 5
2 6
2 7
2 8
2 9
2 10
3 13
3 14
4 13
4 14
4 16
4 17
5 12
5 14
5 16
5 17
6 14
6 15
6 17
7 16
7 13
8 14
10 13
10 14
10 16
11 15
11 16
12 18
14 18
15 18
16 18
17 18
18 19
18 20
18 21
19 22
19 23
19 24
19 25
19 26
19 27
19 28
19 29
19 30
20 22
20 23
20 24
20 25
20 30
20 28
20 29
21 22
21 24
21 25
22 36
23 34
23 36
23 37
23 31
23 32
24 34
24 35
24 36
24 37
24 32
25 34
25 36
25 37
25 32
26 34
26 36
26 37
26 31
26 32
27 37
27 36
28 33
28 34
28 36
28 37
28 32
29 35
29 36
29 32
30 34
30 36
30 32
33 39
36 38
38 44
38 46
38 40
38 41
38 43
39 44
39 45
39 46
39 47
39 48
39 41
39 42
39 43
40 51
40 53
40 54
41 55
41 50
41 51
42 51
43 51
44 51
44 54
45 51
45 49
45 54
46 55
46 50
46 51
46 52
47 55
47 51
47 53
47 54
48 55
48 51
48 52
48 54
49 56
50 56
51 56
52 56
53 56
54 56
55 56
